1653352560.2570283,1.0540268690844534,-0.03942189778328497,-0.009635295584649928
1653352562.1545582,1.1438934847295117,0.013628847264444443,-0.00602961062066365
1653352562.6982567,1.4000690070017583,-0.013858594879868734,-0.17997202682852853
1653352563.2289069,1.6126795278099577,-0.07085662268875695,-0.3913167308604728
1653352563.787267,1.886939600716894,-0.19189010123737088,-0.6278273354804527
1653352564.3197503,2.0690010727474593,-0.32832417811324316,-0.8720731626784812
1653352564.8735325,2.2056486000913136,-0.31759008341449846,-0.9637079726493369
1653352565.4096615,2.272627227142587,-0.21501118573833,-1.151759971264602
1653352565.9624586,2.2854789837049987,-0.04814803825328857,-1.4181798588073267
1653352566.4893756,2.228478669511442,-0.0019345877519629656,-1.680080045346023
1653352567.039946,2.1765427491758915,-0.15338514712656873,-1.9696264158523096
1653352567.576349,2.0765725681059606,-0.421386217395482,-2.1991153847014915
1653352568.1293948,1.958344092068612,-0.6865619446716675,-2.3045278679168235
1653352568.6661797,1.8248797447059435,-0.9167702435599941,-2.221216071728469
1653352569.2200732,1.6680803169406242,-1.1240714815261272,-2.051519263867141
1653352569.7841284,1.5468910097966224,-1.3662666909938066,-1.7916622053420557
1653352570.3376462,1.5323182738620904,-1.6436494542829971,-1.5291831384933008
1653352570.8641462,1.5391623382786406,-1.904759594201859,-1.2451877485549463
1653352571.4268212,1.589357302596888,-2.13227182891815,-1.1056690107619778
1653352571.956381,1.7050424004703186,-2.3872245448188636,-0.928568411949874
1653352572.5068576,1.882629071069622,-2.625513983135737,-0.7656846534049522
1653352573.029848,2.048768438783985,-2.8172927809810444,-0.5201505910193931
1653352573.608309,2.2799283808937507,-2.92920115856111,-0.2900819968020927
1653352574.1302552,2.5002615697227277,-2.9774450778487203,-0.12148397821545709
1653352574.6911483,2.8266997043731323,-2.995659643400369,-0.1157861169016372
1653352575.216797,3.059335078358175,-3.0178192335586465,-0.21977167237162698
1653352575.764886,3.320898816897568,-3.1034791545006257,-0.4132636677062522
1653352576.2921903,3.5661573043225867,-3.2217556510620025,-0.5795271884238731
1653352576.8363218,3.736245998363088,-3.3281169467427945,-0.7797480117118369
1653352577.361958,3.825977443309285,-3.40437402080009,-0.924092162731887
1653352577.9174314,3.874895258132476,-3.494364255866409,-1.0752943645751492
1653352578.441513,3.871874031439043,-3.4986678827543414,-1.2413914095199121
1653352578.99018,3.878412359824976,-3.449107124445306,-1.359717119816543
1653352579.5459383,3.8620402576928754,-3.3634432155277314,-1.5583435188567651
1653352580.0995708,3.8803552195121394,-3.2935787680184436,-1.7432355772292627
1653352580.6396232,3.8981224614395056,-3.2535623392167827,-1.8343618999755396
1653352586.865961,4.014944401914058,-3.3230435949264967,-1.7499532591140283
1653352587.4321675,4.0356067918149,-3.32580690404917,-1.669542182568313
1653352587.9847662,4.056134628357852,-3.231404490395252,-1.6708775650298608
1653352594.5172086,4.008544179142443,-3.2701890588172544,-1.8056256662642969
1653352595.0912602,4.006467354765718,-3.2226296825326153,-1.7764516960418237
1653352595.6680455,4.030748720367317,-3.047701632253821,-1.9261571060454858
1653352596.2338724,4.146265543958736,-2.9228188230583574,-2.2796279083526145
1653352596.7842867,4.304679998330741,-2.8756256910131492,-2.542692769650222
1653352597.341047,4.355778330206375,-2.9156343623016774,-2.809272874478103
1653352597.8711655,4.209215662953075,-2.9772996976866675,-3.018225062969924
1653352598.4166017,3.9410915344995137,-2.97301304867778,-3.10415040362239
1653352598.9411318,3.6249231623759393,-3.003166208151914,-2.9358945976531516
1653352599.4920578,3.365230888616307,-3.1079920560132956,-2.8849207054412376
1653352600.0273345,3.142048944275308,-3.1695262106190216,-3.046451676968337
1653352600.5863566,2.8411716473137716,-3.165414504776401,2.9594954360687726
1653352601.106188,2.5741596517673,-3.0864451844021783,2.717745672580003
1653352601.6637359,2.318564596992201,-2.9765748186876007,2.4671880115234845
1653352602.2069814,2.139035270021484,-2.7822659225121633,2.1935936320984357
1653352602.7758923,1.9906997295580442,-2.568955735141494,2.013573776599168
1653352603.2961326,1.8761119980173797,-2.317085376378625,1.8683914054596409
1653352603.8541787,1.7656790292065034,-2.0719996671479137,1.8737647641861424
1653352604.3744721,1.6743603675906376,-1.853770132735726,1.871275435801743
1653352604.9255624,1.567880345380628,-1.5859270675409392,1.7835149873459324
1653352605.4611602,1.5059121892060467,-1.3327418636953985,1.68845201623082
1653352606.028737,1.4788377191415296,-1.080409943291928,1.609276424762009
1653352606.561758,1.4880242378179032,-0.8194264062138265,1.4358569492065891
1653352607.1204708,1.5452967874717185,-0.5413610474789704,1.1826812137329563
1653352607.6531146,1.640036968566792,-0.3014203727324906,1.1116396297180637
1653352608.2052107,1.7396758463277897,-0.04759090845506374,1.1106889356338963
1653352608.7358477,1.8535045808054693,0.17689118591613978,1.1088370193207249
1653352609.2925382,1.996501467128295,0.39351291648123077,1.1086824048721775
1653352609.8534307,2.099850672393376,0.602476582465153,1.109396945353745
1653352610.4017339,2.176840233715284,0.7691464342764965,0.9741662849152073
1653352610.9257498,2.181855415494988,0.7834015732904543,0.7756031264030923
1653352611.4941201,2.0904716645161683,0.7468018088875175,0.5199315060341347
1653352612.0152285,2.026737517925084,0.7418200354781271,0.2404695112669457
1653352612.565073,2.0960805696685796,0.7582968991048591,0.032300457026957385
1653352613.0951447,2.3920690019833932,0.787376713125676,-0.2341998856103431
1653352613.6559155,2.6732278791692377,0.7177397554674378,-0.23365873504042733
1653352614.1905048,2.984317593619099,0.6902587409824251,0.035058129247425907
1653352614.7504797,3.2735784391835416,0.7139274862975045,0.2588078786098946
1653352615.2706006,3.4948859171345763,0.7721931815802843,0.4725900698864449
1653352615.8114204,3.708271231658263,0.9000979579964811,0.7152204621994485
1653352616.3445666,3.8940006788336787,1.0922372206731494,0.9977020133697971
1653352616.8985646,4.02824289166508,1.3164765377882097,1.2811337817871555
1653352617.4318979,4.114412043384642,1.5525568619939334,1.4910303462707981
1653352617.9763522,4.139422543601374,1.8123221935230567,1.5015509237015232
1653352618.50131,4.175277536502138,2.0248805197020228,1.4753054488861546
1653352619.0588236,4.265053502218882,2.235160755096303,1.4952058900558933
1653352619.5957222,4.337589927739045,2.334959308423396,1.3254859555923924
1653352620.147465,4.478463820218426,2.483719261883393,1.0276444066727146
1653352620.6797738,4.58787815966579,2.62761511343125,0.8989625085556492
1653352621.265185,4.714790693376517,2.8765822122089904,1.0247775424683079
1653352621.7860067,4.7877158937908,3.124542654509764,1.286969672557114
1653352622.339323,4.826722186607568,3.3822099460778565,1.529620539065598
1653352622.8939564,4.828751332372373,3.587233036557358,1.7514990676605686
1653352623.4377348,4.77595887903948,3.8468738569837955,1.9893361438477024
1653352623.9704351,4.662517705821136,4.056395188123069,2.267536054965257
1653352624.522101,4.507480471534319,4.287890425194591,2.461752067919969
1653352625.0421271,4.329218481888562,4.448345822793136,2.7158964980804914
1653352625.5909615,4.126982762563038,4.55840644772626,2.926187168475389
1653352626.1333256,3.9039902953986334,4.603986135943981,-3.113056529644729
1653352626.6860924,3.6424154515257716,4.563102041371396,-2.866339076641799
1653352627.234966,3.375432318771025,4.487082931048179,-2.829430926922561
1653352627.7889004,3.125330130496854,4.444297985954399,-2.9603251110351096
1653352628.3241177,2.8270776771494144,4.4265774491331396,3.1406106500934516
1653352628.872788,2.5648987578928146,4.459776583761103,-2.99807130205989
1653352629.4039443,2.2860561865953546,4.428696931816247,-2.9803022037780296
1653352629.9578586,2.0614396332349325,4.393814906298126,3.0382584441864484
1653352630.4776456,1.7938995684194523,4.417842441922096,2.7624713290894025
1653352631.054604,1.6547002321076716,4.444054841363706,2.543225180026292
1653352631.5768714,1.6711631170396684,4.385559342604584,2.450669418689012
1653352632.13192,1.7101757285718082,4.238220094130747,2.199850450869798
1653352632.6585686,1.7861198893555739,4.141220461973739,2.10701550137639
1653352633.2104228,1.870435929021468,4.165321886474004,1.8639316667282566
1653352633.7361245,1.9696004962971874,4.203245824827018,2.0684245933258527
1653352634.300432,1.98496624152479,4.187475085515076,2.025468717929124
1653352634.8332005,2.0009460735874254,4.115785472649944,1.8180488456451878
1653352635.3919168,2.092318989255608,4.19162363198383,1.9990548003876194
1653352635.9307053,2.0638635487603025,4.16082873168554,1.8634039272034153
1653352636.4993215,2.126290536406621,4.244666280162919,1.9058373082840427
1653352637.034159,2.1054404880716553,4.256281032581607,1.9174096692764744
1653352637.5832648,2.0779201295738643,4.211951735763687,1.926346908923386
1653352637.5979238,2.075069096616704,4.215269800771795,1.9245367158615574
1653352637.622697,2.075069096616704,4.215269800771795,1.9245367158615574
1653352637.6549432,2.075069096616704,4.215269800771795,1.9245367158615574
1653352637.6689773,2.075069096616704,4.215269800771795,1.9245367158615574
1653352638.2096677,2.0300197325292073,4.1931485469192555,1.7661844600403294
1653352638.775149,2.0342061784365697,4.14015208989766,1.9158506501877293
1653352639.3008687,2.053296650071919,4.112593291773376,1.9697657932007298
1653352639.3447933,2.061293767735586,4.126211447650732,1.9747203696930393
1653352639.8749757,2.050224203525613,4.188812865543335,1.8432705510818943
1653352640.3957334,2.0777468705282196,4.320318720972126,1.910876880999802
1653352642.6304827,2.1035366595070606,4.392602053581019,1.9515923370087132
1653352643.2030125,2.1237924007956286,4.311113264344644,2.1649605144226545
1653352643.7283475,2.2227450116543683,4.117141103235652,2.402119051333665
1653352644.3260024,2.496957985326778,3.938159873535878,2.6807922233307355
1653352644.8605866,2.6535905175182317,3.882139760357231,2.7192305434906476
1653352645.428304,2.662954247998734,3.876090474254868,2.502460371371507
1653352645.9541986,2.5597962187037138,3.9400227262085123,2.2140256274902814
1653352646.517819,2.5066841132049915,4.0556758231880785,1.95286692273259
1653352647.0411983,2.5021176435781403,4.1009107826405335,1.7644235004150852
1653352647.5921638,2.5555229965895303,4.099966150602035,1.5479452718460545
1653352648.132019,2.5771203235426214,4.067837472304339,1.4136874784195408
1653352648.6978927,2.624374783077952,4.097892796041431,1.198897253390549
1653352649.2153926,2.700959067583592,4.201720169525297,0.9218495596611485
1653352649.7634768,2.829011069027019,4.382260886418371,0.7103474844658364
1653352650.284348,2.967010210352998,4.5658784274058615,0.4771614183151711
1653352650.8434558,3.2456067462044134,4.699864632252993,0.20735428821682822
1653352651.3739703,3.4587783624603183,4.76050051667388,0.09895833921074759
1653352651.9154255,3.720703800710026,4.799181183054552,0.23765676807999503
1653352652.4345741,3.973799069549642,4.880689675354647,0.5003122199738015
1653352653.0217707,4.237921759883418,5.050920467694385,0.7132823575699319
1653352653.5590198,4.393847103226004,5.207558966211866,0.9381339062416538
1653352654.1143703,4.510180129769813,5.428050141761005,1.1919373382294163
1653352654.635628,4.580297916266706,5.692859099323792,1.4906826127731785
1653352655.1930249,4.585526282784512,5.951028700723452,1.776627909060715
1653352655.7240505,4.538297360796559,6.1898172610776045,2.0189317573273176
1653352656.270116,4.479265105325453,6.370928691380558,2.206794153567552
1653352656.7938354,4.446560210935149,6.56363988306221,2.3589118827545636
1653352657.3670382,4.531857489267552,6.568534612541999,2.5605224479401105
1653352657.9073818,4.629057482500496,6.5203389665558955,2.7850054610931867
1653352658.4562106,4.876573290527313,6.472576283133256,3.0793045867645734
1653352658.9734466,4.996997321244826,6.509179806220214,-2.9813634048736106
1653352659.5308228,4.899280736864995,6.521195262175019,-2.715539325360061
1653352660.0709362,4.691660600379151,6.384052603422024,-2.6777325760161887
1653352660.6225152,4.4150687357194025,6.276772474160758,-2.8225289474761497
1653352661.1601057,4.1192850314877045,6.255443574191041,-3.1329859386718284
1653352661.7087646,3.8783847355489365,6.263883416252041,2.9527629722321027
1653352662.2354882,3.5996811384820764,6.323577391339182,2.822709452029466
1653352662.7962074,3.3018012628961513,6.396303093973565,3.005878816958665
1653352663.3145423,3.039910987406229,6.3568268676396595,-3.044127334240676
1653352663.8697784,2.7653123139652624,6.297044691398541,-3.0389684330260764
1653352664.398115,2.570600739682646,6.298666835292705,3.010726343508958
1653352664.97129,2.342409496198248,6.33907192986853,2.7596992362701886
1653352665.5067313,2.079924401751223,6.447783260851996,2.472290407534837
1653352666.0626922,1.8651811756043777,6.644350830382161,2.302844892855882
1653352666.5901415,1.6573678112947974,6.841261107525137,2.282475124713182
1653352667.1691086,1.4722410591715132,6.992702052495005,2.5425125468933576
1653352667.7054548,1.3071307243136334,7.124356182335589,2.740204464312791
1653352668.2591946,1.1802588431566854,7.184168073841746,2.926868091937303
1653352668.783931,1.0521674130538912,7.212187567239069,3.111917864199876
1653352669.3459127,0.9649950156004696,7.2264584488317976,-2.986314881924392
1653352669.8704002,0.8953014855337691,7.22240210496997,-2.796847690228225
1653352670.4388845,0.8695517871066061,7.224794197381234,-2.6136659275329124
1653352670.960723,0.8807336847845834,7.2631619421825055,-2.4341670166289817
1653352671.5144017,0.9184593750537466,7.3233933270311775,-2.249550450924636
1653352672.0389454,0.9119983099624781,7.355622307030617,-2.0634995590484153
1653352672.5941775,0.897388693491301,7.294142299620189,-1.8883293758666528
1653352673.128541,0.865424423138666,7.205883263404149,-1.7323297153747095
1653352673.6816816,0.8324391120654244,7.089809570955307,-1.5475032221114648
1653352674.2116942,0.8289697582750913,6.9602912791047435,-1.3805419098174585
1653352674.7968566,0.8341151459263623,6.872068202170594,-1.3957033048903955
1653352675.3213565,0.8077406181148786,6.807310149398662,-1.440281380299331
1653352681.573449,0.7954347263631779,6.798548380333727,-1.428071726444961
1653352682.1230595,0.744416163183249,6.90992511863438,-1.580768931988479
1653352682.649254,0.7543902920230973,7.1347689451051854,-1.635354508045913
1653352683.208126,0.7596203128146218,7.424860364485231,-1.3683385740554346
1653352683.7590775,0.733976143818947,7.607849789796921,-1.069959152821304
1653352684.3310938,0.8268903546518099,7.5794480166004075,-0.7853550206458579
1653352684.8527324,0.9650443686599736,7.405222612527236,-0.5742016326224815
1653352685.397902,1.2104818431950812,7.2404200103489655,-0.31668277490496743
1653352685.9224637,1.4423821921790603,7.136978635928374,-0.2857261191642295
1653352686.4880934,1.676521447087194,7.050908368142382,-0.4386929165160667
1653352687.0131702,1.87994291360076,6.879351565121054,-0.44861944425463784
1653352687.5667946,2.115866389592367,6.736037807430758,-0.24256043541789163
1653352688.0872366,2.3453224133450323,6.694488323367092,-0.03629063661754239
1653352688.6384234,2.6056986866472096,6.687866955097014,-0.0160087192019831
1653352689.1560934,2.889552495870152,6.665513322435003,-0.18688519704699624
1653352689.7262824,3.085195483708449,6.590077554832208,-0.41248955238223184
1653352690.27538,3.33800937986004,6.434347278124115,-0.6701241623198997
1653352690.8282099,3.555167038932273,6.353772144460686,-0.5960951935088645
1653352691.3507197,3.731145809541122,6.342341446174783,-0.307729561213256
1653352691.9328022,3.773700516843915,6.293565320060573,-0.27452202546954263
1653352692.4509432,4.015518658295775,6.111455126324923,-0.26654692399859536
1653352692.9972925,4.2275629102365855,6.0559978792981255,-0.3583955954349052
1653352693.5133748,4.491334184670196,5.9775107344128156,-0.5386654626166831
1653352694.065502,4.703550421137635,5.8175308230208636,-0.8102316747939597
1653352694.5849848,4.891295513613978,5.616044256553613,-1.0296486507689968
1653352695.136219,5.007618812310055,5.4035413488377415,-1.286270607594253
1653352695.696095,5.088306724026258,5.120941152395981,-1.484142292622329
1653352696.2390945,5.129648063166079,4.893416033927953,-1.5576035867965234
1653352696.772231,5.1565731248260525,4.621413663551832,-1.403223742130996
1653352697.3325148,5.2362383027072825,4.372709074249439,-1.1075671802794949
1653352697.8626618,5.311648573602512,4.2177290012317314,-0.914567757729293
1653352698.4098487,5.306576104264349,4.094063799656,-0.6691250096595298
1653352698.9343781,5.227905564956677,4.1905365282087494,-0.4069878052508842
1653352699.5212922,5.09103083890591,4.249104398537526,-0.11242958563923944
1653352700.0395415,5.054387551207588,4.25541802604703,-0.0704672675168525
1653352700.5902803,5.055990975962418,4.2494762412150076,-0.07292522895693887
1653352701.1094704,5.052467041179305,4.244742041115738,-0.07360833543896783
1653352701.662698,5.03970302939041,4.239955262387286,-0.07872669059395898
1653352702.1875138,5.030434197677844,4.237332170177238,-0.07741916585326303
1653352702.7385442,5.025121170189812,4.234873324575697,-0.0773725028669845
1653352702.7499878,5.0243829733029,4.235682589316222,-0.07790228385090936
1653352702.7792103,5.0243829733029,4.235682589316222,-0.07790228385090936
1653352702.8099716,5.0243829733029,4.235682589316222,-0.07790228385090936
1653352702.8297215,5.0243829733029,4.235682589316222,-0.07790228385090936
1653352702.8424203,5.0243829733029,4.235682589316222,-0.07790228385090936
1653352702.8539474,5.024092528399746,4.235673623647655,-0.07939882237076867
1653352702.8701394,5.024092528399746,4.235673623647655,-0.07939882237076867
1653352703.3973918,5.016400092114278,4.232768546747101,-0.07721122014880288
1653352703.439778,5.016278621499328,4.232519795221158,-0.07682260531544793
1653352703.9685478,5.008162362293622,4.231811855164711,-0.07908076453566659
1653352703.9788303,5.008162362293622,4.231811855164711,-0.07908076453566659
1653352704.0036924,5.008162362293622,4.231811855164711,-0.07908076453566659
1653352704.0192811,5.008162362293622,4.231811855164711,-0.07908076453566659
1653352704.0446963,5.008162362293622,4.231811855164711,-0.07908076453566659
1653352704.0765376,5.008162362293622,4.231811855164711,-0.07908076453566659
1653352704.1156223,5.0075312538257615,4.230312157172484,-0.07740896600842584
1653352704.1434379,5.0075312538257615,4.230312157172484,-0.07740896600842584
1653352704.1578379,5.0075312538257615,4.230312157172484,-0.07740896600842584
1653352704.682456,5.002184752996783,4.226291347252938,-0.07524103331923593
1653352706.4089909,5.0551549800372815,4.229841344493276,-0.0760248567497741
1653352706.9650176,4.988548126004216,4.23004369900857,0.033918130811451785
1653352707.4878018,4.722372577568384,4.2071660129543345,0.26812903177380454
1653352708.037856,4.481473561718284,4.178021502334408,0.3639576841557015
1653352708.5917344,4.37296251993947,4.276019440963958,0.5212060321533669
1653352709.1354017,4.47486937484329,4.405645104802866,0.7045870531761635
1653352709.6560247,4.768644046089784,4.561012927180287,0.7515285123550881
1653352710.2050169,5.013990295079293,4.684650238366119,0.7516731132233132
1653352710.7371268,5.176342412504572,4.822373413862265,0.863136779185532
1653352711.3265104,5.367525976942128,5.063281069584219,1.0164374221527561
1653352711.8532224,5.492528680605208,5.252654159622189,1.009085904475449
1653352712.4114501,5.64976713801191,5.48420077508575,1.1398134340012058
1653352712.95464,5.733059409938387,5.723171928807536,1.100106846209763
1653352713.5163083,5.816203408209184,5.823822939152376,0.8322497714722146
1653352714.0504727,5.823573251377264,5.810241884076389,0.5641576756203164
1653352714.6006734,5.842883114300224,5.799993268880599,0.3139023293220986
1653352715.1391952,5.834402637012312,5.814379345098149,0.037452842708824985
1653352715.692947,5.959890695497001,5.9350758066099045,-0.1696569066083442
1653352716.2174618,6.240076279626053,5.934045857030998,-0.17099421131968606
1653352716.787321,6.506899917822635,5.929869272522112,-0.09075060147404779
1653352717.318123,6.770118415182958,5.915481887178324,-0.2248673330581199
1653352717.8718421,7.047459121132882,5.782116035432865,-0.4276932071483146
1653352718.403575,7.264770850368201,5.648191293194198,-0.36323582041621316
1653352718.9639266,7.529438350676183,5.522429923983229,-0.48166437852740396
1653352719.4889138,7.761540357048661,5.40285825165171,-0.42329110610842813
1653352720.0466824,8.029775225265274,5.331882756634023,-0.16836095261931527
1653352720.5649517,8.185772801747882,5.301376878235861,-0.00682551330499459
1653352721.1226954,8.334222781065403,5.2975514085787445,0.17590973865628134
1653352721.644528,8.390025417420555,5.257861127820072,0.36981625449299704
1653352722.2052345,8.315006903280063,5.209083341335256,0.5628729571068276
1653352722.7590272,8.31334126138087,5.1811952975462745,0.747319768782853
1653352723.315843,8.352347322609313,5.216299832492853,0.9286581386291966
1653352723.8523552,8.387771528727425,5.24690031011129,1.1185307611191257
1653352724.4092813,8.389422273987714,5.244340529414575,1.2890455831253513
1653352724.9396636,8.405997319575526,5.231253793360324,1.4814868081772312
1653352725.5067153,8.405925498502647,5.253358738386256,1.6498372663223728
1653352726.0437536,8.40290201679415,5.29689852372835,1.8043024648392185
1653352726.6063201,8.39505077038469,5.362198193011571,1.7360493053162083
1653352727.1359146,8.38401005375129,5.369850849058038,1.7217435945236668
1653352734.6832643,8.368377342417185,5.411473642289554,1.6735473979675755
1653352735.2247233,8.372934588152454,5.38142048194226,1.5619475949966892
1653352735.7579122,8.363502399013617,5.24732241729318,1.4844687093460545
1653352736.3018422,8.349776120819735,4.989591781384324,1.754043351527451
1653352736.8352754,8.244066095976681,4.860900194374365,1.860010157939194
1653352737.4074802,8.118305670401607,4.861164204475348,2.09290302884221
1653352737.9248466,8.05331324750176,4.980405934867421,2.354853760119676
1653352738.4782817,7.928986923374549,5.15373380116618,2.648465763446092
1653352739.0042946,7.770068935772511,5.252769826814468,2.856018434878587
1653352739.5980422,7.497741163704986,5.348238430618288,-3.087943423870803
1653352740.122872,7.317327022853679,5.361438617219408,-3.081511367443801
1653352740.675298,7.252398188533481,5.375175000575203,3.05146015774846
1653352741.2233155,7.319581665512577,5.3920701885224736,2.8063675273621076
1653352741.7837312,7.251778168916577,5.396041122679399,2.6224633563721174
1653352742.3258042,7.078980864339442,5.541884517798068,2.3603807796204084
1653352742.8826926,6.897216609560228,5.7058201884652515,2.497387539263963
1653352743.4065723,6.656097514898545,5.792791142636715,2.796828161593675
1653352743.9595525,6.387573331065088,5.852528949901223,3.0502642501556867
1653352744.5165234,6.166907817359441,5.852188767882051,-3.022971261624099
1653352745.0709627,5.914341618403405,5.823451223997651,-2.7989224087035667
1653352745.5953333,5.712694055410058,5.7200243925105765,-2.521642554882766
1653352746.1488008,5.490332058093904,5.585924622615527,-2.346257794979812
1653352746.6766932,5.308491162681805,5.41047623081645,-2.2649298797881614
1653352747.2395587,5.124395382082295,5.217882840205134,-2.1707476269042503
1653352747.76109,4.9950013846337225,5.039401027628414,-2.138956655148269
1653352748.3049607,4.824154614087016,4.8284434905320905,-2.228067983273269
1653352748.838797,4.633744369826041,4.648819068819853,-2.303162921551467
1653352749.3956478,4.473736066137438,4.50367248258283,-2.4446905742919456
1653352749.9148045,4.373567698106937,4.419533351627914,-2.6890400539672386
1653352750.4728944,4.2782942184664,4.359842525981367,-2.896772254589797
1653352751.016201,4.107261794883864,4.3251436189202455,3.098522554751634
1653352751.5710227,3.9449106408494834,4.32688244725528,3.064655195590257
1653352752.0906825,3.631762808150243,4.305942739744021,-3.0974236618316184
1653352752.647144,3.3623552692629097,4.232350617840405,-2.9933217655456077
1653352753.1731503,3.0928351457221654,4.193807101188584,-3.0316418300902854
1653352753.7280703,2.836659044977041,4.161263269603771,-3.1311677585876
1653352754.2600753,2.6460128013404565,4.1629761279802535,3.0216873992645734
1653352754.8084295,2.476052683929529,4.215264576993415,2.8140536655151838
1653352755.3337712,2.3200716989937162,4.278085114181886,2.8640176166260236
1653352755.881334,2.121198786817127,4.293845110868635,3.1367270498584663
1653352756.397412,1.9410137929042923,4.282663551328132,-2.9509259353911887
1653352756.9797583,1.7421116330054727,4.234838974385359,-2.6265751014983665
1653352757.5032625,1.6248741443362908,4.157166767753771,-2.4270399700438987
1653352758.0508404,1.4760863509144697,4.012818636633406,-2.14754639971614
1653352758.5675457,1.3591503430623812,3.8216839347696743,-1.8744619976317896
1653352759.1171057,1.295309085368807,3.7024569861427383,-1.673743237141372
1653352759.666213,1.2652731404056325,3.666483992977094,-1.381821144703628
1653352760.2087631,1.2574834712189622,3.664518093451244,-1.1984099041259302
1653352760.7356968,1.2046361314527185,3.699564613071152,-0.9967194687163841
1653352761.3014915,1.057609209138402,3.739885475776452,-0.8160475980079185
1653352761.85629,1.065730275628219,3.819118108686332,-0.7600468288695823
1653352762.416575,1.07385753003216,3.8058444560064864,-0.7506168972289573
1653352762.9460487,1.0811427249319499,3.667605926905248,-0.7086514722144615
1653352763.49126,1.0514201957413658,3.607225949295882,-0.585775364521743
1653352764.013026,0.9842218866111675,3.6093261476294662,-0.3591418157851707
1653352764.5834384,0.9297325135075497,3.657072484126652,-0.09675298291802514
1653352765.1052594,0.8816879751208574,3.6779110250209164,0.09399588745474707
1653352765.6835566,0.8613171907976563,3.740382698191673,0.33438382637143027
1653352766.2172632,0.9354188550536965,3.8774302648655485,0.5509538758957375
1653352766.7742562,1.1085994740946472,3.9966322456593737,0.7877513874733437
1653352767.293456,1.3226827389407663,4.162813657081837,0.6901076544487466
1653352767.8807194,1.5843834811536868,4.2560826660046125,0.41610557925343405
1653352768.3990574,1.883487831949359,4.333295952926615,0.1829821873867501
1653352768.9446661,2.115574951170727,4.38027538310619,-0.035296826023460515
1653352769.4627407,2.3169446927599116,4.3512240870610865,-0.12396587837100137
1653352770.034562,2.627156443063791,4.349564418846545,-0.2683906744754325
1653352770.571402,2.8546638101889803,4.263141295837563,-0.5572650920188438
1653352771.124397,2.959116412838168,4.151878844813284,-0.8121524344718467
1653352771.6539419,2.9914420374930377,4.024526799703699,-1.153749216679336
1653352772.2068744,3.0196174096897326,3.979453041368901,-1.3268093954360498
1653352772.7452798,3.0651114828400434,3.932875945281959,-1.6004842411315454
1653352773.299562,3.035275550619006,3.785457561746197,-1.8215538154876245
1653352773.8342466,2.9551534033095965,3.6002670354441926,-2.077379335049392
1653352774.4165802,2.9212770739251765,3.431531346298273,-2.0172048698699485
1653352774.9607906,2.9397508167569546,3.440860125487306,-1.8964501510894312
1653352775.50918,3.0167383781406647,3.461512867757774,-2.069278825405837
1653352776.0313997,2.960360686996998,3.450436138884392,-2.31101976740718
1653352776.5789435,2.9633894839671266,3.483792145546837,-2.3368862758910667
1653352777.1038263,3.0165464860410776,3.6214155521861144,-2.4089301716125022
1653352777.6728213,3.0987764072060067,3.814576899453868,-2.5436001907622825
1653352778.2032294,3.069752740957651,3.9409855781014613,-2.7160948406493675
1653352778.7499673,2.981453607928931,3.962860403274901,-2.962396730068923
1653352779.2721882,2.8324893304269594,3.9446114236632095,3.005587231036424
1653352779.8255858,2.639537020250059,4.0144780736398396,2.7985271323883527
1653352780.363029,2.4929602314802364,4.061927294193959,2.5351313461029523
1653352780.9121866,2.3738228981960603,4.084755586642569,2.5155576575958722
1653352781.4297726,2.2232086863950835,4.1070944325209195,2.7979539741241926
1653352781.982727,2.041828047979058,4.124530250999595,3.0087858546936506
1653352782.499873,1.8691833955701718,4.141983147187024,-2.9934712539947044
1653352783.0485997,1.7120725564040198,4.1311506116638474,-2.7719966064727317
1653352783.5734851,1.5813022833195127,4.081618861011756,-2.5345674644744407
1653352784.1247694,1.4532276957380386,3.9754978331208757,-2.2939101349151145
1653352784.6426923,1.3301109479616229,3.8470750207350815,-2.005216587666274
1653352785.2254484,1.290640497330614,3.8318489627037535,-1.790163863781692
1653352785.7494552,1.2686201595321116,3.904407388593236,-1.511236895207168
1653352786.3297796,1.2128360980475241,4.004922804350122,-1.474667299870254
1653352786.8527126,1.2076244539227188,4.113983346460432,-1.4587956558501733
1653352787.4031284,1.216695041788019,4.183249251829442,-1.5206578861510767
1653352787.928693,1.2110101387892804,4.21383953651689,-1.582811225537063
1653352787.9707124,1.2110101387892804,4.21383953651689,-1.582811225537063
1653352788.4910088,1.221100186889745,4.232828362430836,-1.6620273481643213
1653352789.0323648,1.2427657506253547,4.229182155560867,-1.6994206796920313
1653352789.0783913,1.2427657506253547,4.229182155560867,-1.6994206796920313
1653352789.597008,1.2532140720516076,4.230128194785231,-1.7557561289107813
1653352790.1261454,1.2526063093926043,4.234346684233838,-1.8179753910338892
1653352790.6725068,1.2564035873679054,4.245369018026588,-1.9091377149856104
1653352791.1901126,1.267271243573683,4.264039044481516,-2.0735946785247337
1653352791.751514,1.3021882137903018,4.271389854380003,-2.174608577374221
1653352792.2741058,1.33423641917203,4.272573446903976,-2.2144702564513694
1653352792.318497,1.33423641917203,4.272573446903976,-2.2144702564513694
1653352792.3311012,1.33423641917203,4.272573446903976,-2.2144702564513694
1653352792.3543696,1.33423641917203,4.272573446903976,-2.2144702564513694
1653352792.3774912,1.33423641917203,4.272573446903976,-2.2144702564513694
1653352792.3937066,1.337697040529388,4.275011976851043,-2.21625601160884
1653352792.4062748,1.337697040529388,4.275011976851043,-2.21625601160884
1653352792.4227147,1.337697040529388,4.275011976851043,-2.21625601160884
1653352792.4387221,1.337697040529388,4.275011976851043,-2.21625601160884
1653352792.9857638,1.3679490882634524,4.2827563555672175,-2.1822904239928733
1653352793.5395136,1.3885631552307263,4.281052131652168,-2.1284111629760276
1653352794.089319,1.4156959927530925,4.268214191390718,-2.0600262771880637
1653352794.620285,1.4494775439677212,4.2730570423198175,-2.0979100357329856
1653352795.1842737,1.4959667855027694,4.293938572330954,-2.1717852245605003
1653352795.7078774,1.5232420651626433,4.316905126223282,-2.283892263058425
1653352796.2665586,1.5526359236499578,4.328011944150782,-2.3777161728179466
1653352796.7879965,1.549049974506442,4.304495195111869,-2.4704333435332786
1653352797.3391643,1.5022830006731709,4.264137487408447,-2.5800877701079856
1653352797.8851776,1.4258399281321483,4.2269420848421575,-2.692512620571853
1653352798.4420042,1.3593414616661568,4.191977598896139,-2.8720744739806663
1653352798.9729943,1.3538273728096413,4.1803772840701745,-2.9317222725188743
1653352799.524898,1.4281624932655992,4.183751214312024,-3.07682525027156
1653352800.0475085,1.5146900543699955,4.186925231353035,3.003293405886888
1653352800.5889652,1.5975305345762691,4.159785622944839,2.787633549090623
1653352801.1261804,1.6454903690521865,4.173902079551832,2.6782173026764386
1653352801.6714404,1.707156598841004,4.236518354046458,2.5633796561920636
1653352802.1993153,1.7465105636290803,4.239729753763242,2.6122208942139142
1653352802.7516048,1.816603613343296,4.1933644514250386,2.8081802238190168
1653352802.7676005,1.816603613343296,4.1933644514250386,2.8081802238190168
1653352802.7922375,1.816603613343296,4.1933644514250386,2.8081802238190168
1653352803.3147006,1.8449600811799498,4.148452346014076,2.8270822871887678
1653352803.8659837,1.7977939401276355,4.179155032985155,2.826341520663499
1653352804.3933995,1.7296963704579902,4.207266294387679,2.8667453635895246
1653352804.9455996,1.6864242977727522,4.254893178673484,2.9523590911591047
1653352805.4736307,1.63601742328693,4.2639827716998795,3.051238666888475
1653352806.032297,1.565927608714786,4.268208899783129,-3.0357361923491966
1653352806.5801456,1.43253700842326,4.26682303563921,-2.79413424837947
1653352807.1448846,1.3602759868518286,4.26421117965224,-2.58287297594905
1653352807.6710954,1.2835939407853372,4.2145132354546435,-2.3337536941802512
1653352808.2385077,1.224736643975746,4.136541197019605,-2.089220393780471
1653352808.7787578,1.17108779836488,4.0684701764838564,-1.8151689659392847
1653352809.3355649,1.1179586194795192,4.017501765879457,-1.5506625067031397
1653352809.865042,1.1041158098313262,3.9641131085860937,-1.2782336365020288
1653352810.408902,1.0743524348114288,3.9646615761911255,-1.1439406763350977
1653352810.9345324,1.0181032774403866,4.042789951714162,-1.1412581096923367
1653352811.4920967,0.9662148029720928,4.127572437115146,-1.0685794245040432
1653352812.0217216,0.9635811821485767,4.147256068013436,-0.8984123359954368
1653352812.5787036,1.0207779013967337,4.117800594520498,-0.6703229438102256
1653352813.102267,1.0885339636596543,4.075753937557345,-0.4142666648662101
1653352813.6587193,1.1583217556119676,4.053374046974306,-0.10951230335593332
1653352814.1799774,1.2103213029514819,4.037906890396224,0.10382703286051642
1653352814.7443078,1.3028198667237918,4.021910481692218,0.34961966764569175
1653352815.2960715,1.5728222479894303,4.143045092036389,0.6720407713615884
1653352815.8546379,1.7717861247673652,4.3004876121524305,0.6130563129150857
1653352816.3789742,1.9448421812251495,4.383668994711541,0.42920155417561423
1653352816.9432542,2.198076211545683,4.411046411936442,0.13404768299698722
1653352817.4682772,2.4679431132248273,4.408195687945556,-0.09812393445134271
1653352818.0386887,2.7462727049678404,4.390295691495058,-0.2721952687537681
1653352818.5627472,2.995148200951357,4.351200610577674,-0.5178300629889976
1653352819.1073246,3.1035418337568825,4.306904952405076,-0.6025592576301109
1653352819.6305456,3.2309548022629797,4.361733466509355,-0.7382668148314964
1653352820.1772444,3.2668156669932653,4.416559127820532,-0.9871852885520469
1653352820.6957436,3.2442749709011083,4.391753802873865,-1.1975550543105615
1653352821.2482126,3.249011689809178,4.316640828827707,-1.4824861179626
1653352821.8044116,3.2322433637815933,4.210309266415731,-1.757447947148086
1653352822.3570266,3.218933699024829,4.112037278131704,-2.0256537090575706
1653352822.8839936,3.186457542577089,3.997417670115194,-2.2766042839324485
1653352823.435209,3.0793653338400717,3.8251660356041466,-2.351875413540603
1653352823.9585874,3.0176469497847758,3.6829767374747395,-2.4178982864654075
1653352824.5054653,3.04503657831183,3.6334252502315403,-2.3370662819182884
1653352825.0433333,3.0868638557203814,3.665390693112794,-2.2331167351043235
1653352825.5950794,3.1343878290740586,3.7364715211181796,-2.200996984127761
1653352826.1210272,3.215594374955347,3.859549127223794,-2.1434348713195335
1653352826.6676142,3.289668532563819,3.978812474556434,-2.1465083252227317
1653352827.1972666,3.3368582906659183,4.081146680061389,-2.1492181907928
1653352827.761792,3.3219642757074515,4.101619959780196,-2.2118974815642845
1653352828.2920353,3.2721897089613794,4.012304284084726,-2.326081145886184
1653352828.8332078,3.179570559694653,3.935443877377415,-2.503630508068801
1653352829.3632586,3.07314962114227,3.9172965057788947,-2.6513315330779563
1653352829.9168005,2.942091055439399,3.884196157861723,-2.927475083950759
1653352830.460822,2.810060313987087,3.891169854276269,3.028278719302415
1653352831.0331585,2.6360527885414657,3.936972305024037,2.7786101211273664
1653352831.5706444,2.4539475959338595,4.033336002272852,2.536703239794969
1653352832.1227732,2.2230691240726634,4.143816424059647,2.663783680316209
1653352832.6447694,1.9769194088117268,4.19015904725144,2.9613615382874006
1653352833.2057335,1.7322585391121943,4.188482365902392,-3.1011520515716087
1653352833.7529433,1.5299299946702594,4.177891047072913,-2.8152445446288596
1653352834.302917,1.378911871388146,4.1512029412412925,-2.586046565655471
1653352834.8292592,1.3034874771772427,4.114579171324598,-2.3425601612365257
1653352835.4039254,1.2764894148218537,4.077431259985276,-2.056303847912551
1653352835.9342635,1.2432786852543045,4.083994375214626,-1.8166280876433862
1653352836.4820414,1.2353633591598299,4.072694680974587,-1.5581239353454126
1653352837.004331,1.2197527309125638,4.079492030127471,-1.306523908261062
1653352837.568707,1.1673849175810245,4.1215661392506355,-1.1800053011214746
1653352838.0925028,1.1098212274937842,4.2098112186748455,-0.9669352065360557
1653352838.6572297,1.065140450119248,4.266863162609217,-0.6901492964065086
1653352839.1869292,1.074237441492733,4.298198394846322,-0.4607534896171104
1653352839.7467098,1.1624970711250504,4.272682121507041,-0.19690455901980508
1653352840.2796865,1.3159065467926672,4.218556025359433,0.07994478535294425
1653352840.8289104,1.475039849891739,4.225152153408954,0.26676971804737937
1653352841.35646,1.727214437494739,4.278229857313482,0.49120519649624717
1653352841.912058,1.960225017915899,4.364637031396086,0.4086474884712685
1653352842.4366395,2.239330312485619,4.438831990907974,0.20593845438599478
1653352843.0110078,2.492558711508102,4.4353919811114935,0.10831543397545706
1653352843.5521822,2.7739682868021887,4.461687334255613,-0.05393379587292779
1653352844.1065395,2.9724382839435495,4.420227575902265,-0.24999690461516488
1653352844.636056,3.250316259297529,4.353728130184188,-0.49296026337504495
1653352845.179324,3.4824667411905237,4.3281282740747224,-0.4658268879687797
1653352845.7219105,3.6732056502363277,4.26137010649907,-0.4383482228553306
1653352846.2766206,3.81921272471946,4.188330243534315,-0.4342087100780021
1653352846.792931,3.9985910114990566,4.11547566892935,-0.5562735091483604
1653352847.3389084,4.249053903836892,4.015389186070837,-0.7153617035186302
1653352847.8611264,4.429568443881101,3.8346687399657675,-0.9136364351546775
1653352848.4278252,4.591547955048022,3.6283144035077894,-1.1621323715484155
1653352848.9678764,4.698406716422603,3.4163292086158616,-1.350154746655227
1653352849.516786,4.78727406214623,3.1422010670069698,-1.61777984011531
1653352850.0464697,4.756092152112452,2.8869582163797687,-1.8651285063064111
1653352850.58924,4.683020821896273,2.620701093679353,-1.8935010324752344
1653352851.1150916,4.603682550883349,2.3630226285726574,-1.9853750358855737
1653352851.6600137,4.468941013604012,2.0909513542284923,-1.834056843403579
1653352852.1991785,4.421140639570183,1.8730403486442668,-1.6214282404220117
1653352852.7456746,4.438894198311074,1.5789885959761467,-1.6200178753173364
1653352853.2642498,4.38747691393307,1.3206512907607395,-1.8510531078612817
1653352853.8094962,4.318124839012109,1.0864310570389462,-2.038720477703811
1653352854.3502197,4.176000874801509,0.8612378286102623,-2.294270623806716
1653352854.8994396,3.9793473036103943,0.6595863217545164,-2.455254901531936
1653352855.4212782,3.776069958424271,0.4574017297522813,-2.456853736523391
1653352855.980796,3.568666592451929,0.282030771799916,-2.3153751980102073
1653352856.5069003,3.420240255285777,0.09181821103175414,-2.300202478054763
1653352857.0816975,3.253715498728137,-0.08791447766880404,-2.430522311810256
1653352857.612547,3.034571432718417,-0.2532669398948225,-2.687465537670852
1653352858.2111344,2.772786719175692,-0.35333395841919435,-2.9841865192687522
1653352858.743037,2.552412213876051,-0.3708598050017445,-3.040986169461013
1653352859.3046708,2.285832741404713,-0.40237288789819,-2.8560603748595725
1653352859.8201387,2.004603737719316,-0.49322763116183665,-2.5816434513366233
1653352860.3862672,1.7709332370543969,-0.6403900235488402,-2.368951429013015
1653352860.935209,1.5856179398174963,-0.8394297800215268,-2.1165395866668235
1653352861.504748,1.4641399952758127,-1.045414226231851,-1.8902233730590356
1653352862.0413792,1.377572357774087,-1.3118228190245347,-1.606661666516067
1653352862.590224,1.3642808570418172,-1.5520442476694416,-1.3793920170104517
1653352863.1484587,1.4256047636457232,-1.79733418613308,-1.1128982197082058
1653352863.7136102,1.5541319272007943,-2.0023662011544983,-0.9378561865127097
1653352864.24281,1.7231014043435755,-2.2358025013729286,-0.8269508372581016
1653352864.798413,1.878697855026926,-2.43085503130892,-0.7814250479972373
1653352865.3278158,2.066526105968248,-2.603037841365201,-0.6818067919051658
1653352865.9132423,2.259124397594854,-2.7599974247053223,-0.6501228104865562
1653352866.4362748,2.452473897355782,-2.9290024483310546,-0.6536761413848411
1653352866.9884374,2.611166108318717,-3.0630040009110933,-0.5789549242293845
1653352867.5448182,2.809065071588966,-3.200875940802248,-0.40994225848078836
1653352868.1005135,3.0611298507269153,-3.292801547101464,-0.13454170930743325
1653352868.625116,3.377714117717692,-3.328842441438105,0.08091946285605323
1653352869.1717608,3.534629811916812,-3.3061340419551715,0.37052733790516745
1653352869.6915877,3.4941067612420746,-3.311068100681948,0.5756083835327614
1653352870.2400515,3.2716761167594113,-3.421550155481065,0.8497558344566811
1653352870.762844,3.149257500784793,-3.498878297505446,1.095037709590195
1653352871.3078737,3.1537307013740894,-3.5007536053237156,1.2559234012329563
1653352871.8374665,3.180688927416085,-3.3801649847299284,1.5464283336365208
1653352871.8837693,3.180688927416085,-3.3801649847299284,1.5464283336365208
1653352872.4213321,3.2045057902844403,-3.349748663928662,1.5736887563431248
1653352872.9423518,3.222897940218628,-3.373853116072525,1.571004997607468
1653352873.4839683,3.2087456549815534,-3.3581028145568568,1.57132555138707
1653352874.0188925,3.1987948659496594,-3.3601036216156155,1.5717043985092625
1653352874.5670059,3.1965112812485152,-3.367229506137247,1.5729727853500828
1653352875.0898538,3.197591302097079,-3.3735929339144475,1.5715870965683445
1653352875.652555,3.200172261219463,-3.3827580693305013,1.5725416053497776
1653352876.1711824,3.1936278853871367,-3.389966012628356,1.5722513307297215
1653352878.4207602,3.199862570056981,-3.341429589414675,1.5709340680801853
1653352878.9699202,3.2123104556963566,-3.37614717715346,1.7227497209274754
1653352879.5276892,3.324755217385222,-3.4899943577924564,2.0827647556030744
1653352880.0833344,3.4621124214436003,-3.5376800878223196,2.3481196273529523
1653352880.6140215,3.4670825372901364,-3.566385471219972,2.627512108203172
1653352881.1785684,3.207706507728237,-3.4241063595366947,2.8287278522217267
1653352881.7125993,2.9488375752025835,-3.311577091048369,2.859194647189378
1653352882.2662387,2.72966891796682,-3.1529215900705654,2.7179435600006574
1653352882.7868342,2.4930353944762524,-3.032818526222466,2.540743242617845
1653352883.337024,2.316157477453304,-2.8893407867897807,2.3349343646728986
1653352883.908209,2.1085996700520693,-2.62752006808473,2.0628727782928937
1653352884.4594204,2.0042187807993,-2.3898405217606005,1.9909787286484226
1653352884.9806085,1.8851364790357867,-2.196317006607943,1.9932798255646214
1653352885.5352051,1.731872369177813,-1.9598754803275173,2.0225302089416974
1653352886.0679202,1.5841815215561252,-1.7110076989198615,1.9259996522629246
1653352886.6193311,1.4765430345736625,-1.4631180379859776,1.7752453197205051
1653352887.168645,1.4285095095157283,-1.1931633963348611,1.6287309039795383
1653352887.7454045,1.4280585101149095,-0.9603635948660881,1.488911401149033
1653352888.2728293,1.4652717293247415,-0.6796993259768497,1.2281051982605442
1653352888.8200448,1.5515530916899558,-0.43562017969464445,1.017742287036179
1653352889.3470209,1.703355867616646,-0.2562558379369134,0.8269508589470376
1653352889.9112444,1.8095182208886893,-0.16066154758823303,0.6359016407692422
1653352890.4644213,1.8847265257239578,-0.08919917040756323,0.4567933787071694
1653352891.0253613,1.8632090848133327,-0.08860630105400728,0.282465409156083
1653352893.5743163,1.691567077386625,-0.05372247935061993,0.0439879294896115
